-0.146738276089 
0.999959223472 
0.194029725947 
1135.19338204 
0.00167305632845 
33.6926309753 
0.0
0.0 
0.0 
1454.0 
0.129381497702 
19.474609375 
885.16209823 
-871.246070885 
288.694766995 
285.52975231 
1.01108471065 
0.997853155861 
3.16501468519 
0.0420085357987 
287.110559129 
134701.81896 
0.0 
24191.9728474 
30.0 
605.0 
0.0 
7.0 
1.01710855718 
0.168923275306 
469.0 
1534.0 
168.0 
168.0 
0.829525284718 
20.0297988969 
0.687653318667 
81.2556072663 
0.577667304827 
2.72921703374 
342.191906831 
0.900303027086 
157.867925514 
0.00783916020197 
0.425655350236 
0.11999670572 
0.22413060293 
0.342261285669 
0.51985610448 
0.776677514584 
0.0 
0.665733392547 
-0.491579098024 
0.975006876196 
141.870231057 
137.909620471 
5274.15089369 
-5222.68294511 
-1.00985469521 
1.0287188854 
